EUR/USD=1.38064=1.38079=1.38064 / 79=1.5=0=-0.300000
GBP/USD=1.68231=1.68256=1.68231 / 56=2.5=0=-0.300000
USD/CHF=0.88476=0.88505=0.88476 / 505=2.9=1=0.500000
USD/JPY=102.601=102.618=102.601 / 18=1.7=1=0.400000
AUD/USD=0.93620=0.93642=0.93620 / 42=2.2=0=-0.500000
USD/CAD=1.10269=1.10291=1.10269 / 91=2.2=0=-1.400000
XAU/USD=1282.910=1283.427=1282.910 / 3.427=51.7=1=6.700000
EUR/JPY=141.653=141.688=141.653 / 88=3.5=1=0.700000
EUR/GBP=0.82060=0.82076=0.82060 / 76=1.6=0=-0.200000
EUR/CHF=1.22159=1.22198=1.22159 / 98=3.9=1=0.900000
USD/CNY=6.17307=6.18807=6.17307 / 8807=150.0=0=0.000000
EUR/SEK=9.09300=9.09965=9.09300 / 965=66.5=0=-23.500000
XAG/USD=19.41587=19.44087=19.41587 / 4087=250.0=0=-50.000000
USD/DKK=5.40729=5.40797=5.40729 / 97=6.8=0=-0.700000
NZD/USD=0.86069=0.86100=0.86069 / 100=3.1=0=0.000000
CHF/JPY=115.932=115.973=115.932 / 73=4.1=1=1.000000
GBP/CHF=1.48854=1.48907=1.48854 / 907=5.3=0=-1.300000
NZD/JPY=88.309=88.345=88.309 / 45=3.6=0=-0.800000
EUR/NZD=1.60365=1.60419=1.60365 / 419=5.4=0=-2.100000
CAD/JPY=93.028=93.059=93.028 / 59=3.1=0=0.000000
EUR/CAD=1.52249=1.52289=1.52249 / 89=4.0=0=-2.900000
US30/USD=16497.2=16498.3=16497.2 / 8.3=1.1=0=-1.900000
SPX500/USD=1877.1=1877.5=1877.1 / 5=0.4=0=-0.400000
BCO/USD=109.455=109.585=109.455 / 585=13.0=1=5.500000
WTICO/USD=102.544=102.556=102.544 / 56=1.2=0=-6.300000
DE30/EUR=9606.9=9608.4=9606.9 / 8.4=1.5=0=-0.700000
UK100/GBP=6673.9=6674.5=6673.9 / 4.5=0.6=0=-0.900000
JP225/USD=14478.0=14490.0=14478.0 / 90.0=12.0=0=-6.000000
HK33/HKD=22766.0=22771.0=22766.0 / 71.0=5.0=0=-13.000000
NAS100/USD=3586.4=3586.8=3586.4 / 8=0.4=0=-1.100000
XCU/USD=3.06824=3.07025=3.06824 / 7025=20.1=0=-24.900000
GBP/JPY=172.605=172.646=172.605 / 46=4.1=0=0.000000
AUD/JPY=96.059=96.088=96.059 / 88=2.9=0=-0.200000
AUD/CAD=1.03248=1.03282=1.03248 / 82=3.4=0=-1.400000
USB05Y/USD=119.817=119.825=119.817 / 25=0.8=0=-2.200000
USB10Y/USD=124.697=124.713=124.697 / 713=1.6=0=-1.400000
EU50/EUR=3182.2=3183.3=3182.2 / 3.3=1.1=0=-1.900000
DE10YB/EUR=144.685=144.696=144.685 / 96=1.1=0=-1.900000
UK10YB/GBP=110.511=110.522=110.511 / 22=1.1=0=-1.900000
NATGAS/USD=4.809=4.814=4.809 / 14=0.5=0=0.000000
WHEAT/USD=6.712=6.715=6.712 / 5=0.3=0=-2.700000
SUGAR/USD=0.17054=0.17064=0.17054 / 64=1.0=0=-6.500000
XPT/USD=1400.507=1403.507=1400.507 / 3.507=300.0=0=-300.000000
XPD/USD=782.834=786.434=782.834 / 6.434=360.0=0=-240.000000
AU200/AUD=5496.5=5499.5=5496.5 / 9.5=3.0=0=-2.000000
SG30/SGD=369.37=369.58=369.37 / 58=2.1=0=-12.900000